-122.070
-175.781
-246.094
-313.965
-344.727
-381.836
-397.461
-372.559
-279.297
-116.699
0.977
69.336
113.770
142.090
148.438
130.859
86.914
55.176
31.250
-0.488
-46.875
-143.066
-308.105
-353.027
-309.082
-299.316
-294.434
-277.344
-236.328
-204.102
-130.371
-51.758
-41.992
-27.832
-0.977
5.371
2.930
0.977
-2.930
1.953
13.184
22.461
32.227
38.574
22.949
7.324
0.000
-4.395
-16.113
-33.203
-53.711
-83.008
-141.113
-210.449
-242.676
-250.977
-245.605
-234.863
-233.887
-228.027
-214.844
-200.684
-169.434
-108.887
-41.504
26.855
87.891
107.422
99.121
74.219
46.387
22.461
4.395
-17.090
-40.527
-56.641
-67.383
-74.707
-79.102
-85.938
-104.004
-149.902
-205.566
-234.375
-233.887
-228.027
-224.609
-224.121
-214.844
-187.012
-127.441
-39.062
63.965
134.277
137.207
108.398
68.848
29.785
-3.906
-31.738
-48.340
-61.035
-73.730
-83.496
-89.844
-92.285
-93.750
-98.145
-102.539
-104.980
-105.469
-104.004
-108.398
-115.723
-118.164
-115.234
-111.816
-107.910
-106.445
-105.469
